1
4
6.94
9
10.8
12
14
16
19
20.18
23
24.3
27
28
30.97
32
35.45
39.94
39
40
44.95
47.8
50.94
52
54.93
55.85
58.93
58.69
63.55
65.38
69.72
72.63
74.92
78.97
79.9
83.8
85.47
87.6
88.9
91.2
92.9
95.95
98
101
102.9
106.4
107.87
112.4
114.8
118.7
121.76
127.6
126.9
131.29
132.9
137.33
138.9
140.1
140.9
144.24
145
150.36
151.96
157.25
158.93
162.5
164.93
167.26
168.93
173
174.97
178.49
180.95
183.84
186.2
190.2
192.2
195
196.97
200.6
204.38
207.2
208.98
209
210
222
223
226
227
232
231
238
237
244
243
247
247
251
252
257
258
259
266
267
268
269
270
277
278
281
282
285
286
289
290
293
294
294
